cd 'c:\users\simmerchan\desktop';
depth_first_left_length = [140 139 284 791 790 790 792 810 809 808 807 806 805 804 803 802 801 800 799 798 797 796 795 794 793 792 791 836 882 893 892 891 890 889 888 887 886 885 884 883 882 881 885 884 883 882 881 880 879 880 879 878 882 881 880 879 878 877 877 876 877 876 875 879 878 877 876 875 874 879 878 877 876 875 874 874 876 875 874 873 872 872 877 876 875 874 872 871 870 870 870 886 885 884 883 882 881 880 879 878 877 876 875 874 873 872 871 870 869 869 881 880 879 877 876 875 874 873 872 871 870 869 868 867 881 880 879 878 877 876 875 874 873 872 871 870 869 868 867 869 869 867 865 867 865 864 863 862 862 861 862 861 860 859 858 858 857 857 855 857 856 855 855 971 1066 1096 1414 1420 1436 1447 1447 1447 1448 1451 1458 1449 1448 1445 1505 1503 1503 1505 1503 1502 1501 1500 1499 1498 1498 1497 1497 1497 1496 1496 1496 1495 1494 1494 1496 1496 1496 1495 1495 1495 1494 1494 1494 1493 1493 1492 1493 1597 1602 1603 1780 2091 2090 2090 2101 2182 2275 2359 2368 2389 2403 2402 2478 2495 2557 2575 2594 2603 2606 2604 2616 2622 2621 2638 2643 2655 2653 2654 2653 2653 2652 2663 2714 2760 2863 2900 2920 2923 2959 2967 2967 2970 2968 2967 2968 2967 2974 2974 2973 2990 2988 3000 2998 3013 3012 3022 3021 3031 3030 3040 3039 3049 3048 3058 3057 3067 3066 3076 3075 3085 3084 3094 3093 3103 3102 3112 3111 3121 3120 3130 3129 3139 3138 3148 3147 3157 3156 3166 3165 3175 3174 3184 3183 3193 3192 3202 3201 3211 3210 3220 3219 3229 3228 3238 3237 3247 3246 3256 3255 3265 3264 3274 3273 3283 3282 3292 3291 3301 3300 3310 3309 3319 3318 3328 3327 3337 3336 3346 3345 3355 3354 3364 3363 3373 3372 3382 3381 3391 3390 3400 3399 3409 3408 3418 3417 3427 3426 3436 3435 3445 3444 3454 3453 3463 3462 3472 3471 3481 3480 3490 3489 3499 3498 3508 3507 3521 3520 3530 3529 3539 3538 3548 3547 3557 3556 3566 3565 3575 3574 3584 3583 3593 3592 3602 3601 3611 3610 3620 3619 3629 3628 3638 3637 3646 3645 3655 3664 3673 3672 3682 3681 3691 3690 3700 3699 3709 3708 3718 3717 3727 3726 3736 3735 3745 3744 3754 3753 3763 3762 3772 3771 3781 3780 3790 3789 3799 3808 3807 3817 3816 3826 3825 3835 3834 3844 3843 3853 3852 3862 3861 3871 3870 3880 3879 3889 3888 3898 3897 3907 3906 3916 3915 3925 3924 3934 3933 3943 3952 3951 3961 3960 3970 3969 3979 3978 3988 3987 3996 3995 4005 4004 4014 4013 4023 4022 4032 4031 4041 4040 4050 4049 4059 4058 4068 4067 4077];
depth_first_relevant_file_nums = [1 1 1 1 1 1 1 1 1 1 1 1 1 1 1 1 1 1 1 1 1 1 1 1 1 1 1 1 1 1 1 1 1 1 1 1 1 1 1 1 1 1 1 1 1 1 1 1 1 1 1 1 1 1 1 1 1 1 1 1 1 1 1 1 1 1 1 1 1 1 1 1 1 1 1 1 1 1 1 1 1 1 1 1 1 1 1 1 1 1 1 1 1 1 1 1 1 1 1 1 1 1 1 1 1 1 1 1 1 1 1 1 1 1 1 1 1 1 1 1 1 1 1 1 1 1 1 1 1 1 1 1 1 1 1 1 1 1 1 1 1 1 1 1 1 1 1 1 1 1 1 1 1 1 1 1 1 1 1 1 1 1 1 1 1 1 1 1 1 1 1 1 1 1 1 1 1 1 1 1 1 1 1 1 1 1 1 1 1 1 1 1 1 1 1 1 1 1 1 1 1 1 1 1 1 1 1 1 1 1 1 1 1 1 1 1 1 1 1 1 1 1 1 1 1 1 1 1 1 1 1 1 1 1 1 1 1 1 1 1 1 1 1 1 1 1 1 1 1 1 1 1 1 1 1 1 1 1 1 1 1 1 1 1 1 1 1 1 1 1 1 1 1 1 1 1 1 1 1 1 1 1 1 1 1 1 1 1 1 1 1 1 1 1 1 1 1 1 1 1 1 1 1 1 1 1 1 1 1 1 1 1 1 1 1 1 1 1 1 1 1 1 1 1 1 1 1 1 1 1 1 1 1 1 1 1 1 1 1 1 1 1 1 1 1 1 1 1 1 1 1 1 1 1 1 1 1 1 1 1 1 1 1 1 1 1 1 1 1 1 1 1 1 1 1 1 1 1 1 1 1 1 1 1 1 1 1 1 1 1 1 1 1 1 1 1 1 1 1 1 1 1 1 1 1 1 1 1 1 1 1 1 1 1 1 1 1 1 1 1 1 1 1 1 1 1 1 1 1 1 1 1 1 1 1 1 1 1 1 1 1 1 1 1 1 1 1 1 1 1 1 1 1 1 1 1 1 1 1 1 1 1 1 1 1 1 1 1 1 1 1 1 1 1 1 1 1 1 1 1 1 1 1 1 1 1 1 1 1 1 1 1 1 1 1 1 1 1 1 1];
breadth_first_left_length = [19 222 364 377 446 518 599 790 791 789 1138 1136 1138 1137 1137 1136 1135 1134 1134 1146 1220 1275 1274 1302 1342 1376 1419 1456 1470 1489 1508 1527 1553 1577 1596 1615 1634 1652 1671 1694 1706 1711 1722 1729 1748 1747 1760 1773 1786 1787 1806 1810 1847 1892 1911 1930 1949 1964 1979 1994 2009 2024 2038 2039 2042 2043 2054 2053 2052 2065 2078 2079 2078 2085 2097 2111 2123 2124 2124 2138 2148 2161 2180 2199 2216 2235 2240 2247 2269 2275 2279 2290 2296 2295 2294 2293 2292 2291 2321 2320 2321 2320 2319 2318 2317 2316 2315 2314 2313 2312 2311 2310 2309 2308 2307 2307 2306 2305 2305 2304 2303 2302 2301 2300 2299 2298 2298 2299 2298 2297 2316 2338 2359 2381 2381 2405 2424 2443 2442 2441 2440 2439 2438 2437 2436 2435 2434 2433 2432 2431 2430 2429 2477 2500 2509 2524 2543 2569 2600 2612 2623 2655 2681 2687 2704 2718 2786 2800 2819 2838 2854 2868 2875 2897 2902 2909 2918 2931 2943 2942 2941 2940 2939 2938 2937 2936 2935 2934 2933 2932 2931 2930 2929 2928 2946 2957 2976 2975 2975 2975 2975 2975 2975 2975 2974 2973 2972 2971 2970 2969 2968 2967 2966 2965 2966 3118 3338 3430 3474 3477 3645 3708 3707 3951 4063 4221 4299 4297 4325 4342 4359 4374 4391 4409 4424 4442 4457 4462 4475 4474 4516 4517 4521 4522 4526 4579 4625 4629 4632 4636 4646 4650 4654 4658 4668 4747 4771 4822 4850 4850 4864 4864 4868 4903 4913 4916 4918 4920 4930 4934 4938 4942 4946 4950 5006 5011 5012 5016 5019 5022 5100 5101 5100 5160 5170 5170 5169 5169 5168 5186 5186 5186 5185 5192 5198 5204 5210 5216 5222 5221 5224 5223 5225 5224 6160 6784 7251 7694 7961 7964 8290 8310 8832 8942 9231 9234 9500 9583 9589 9590 9608 9616 9670 9669 9734 9750 9763 9779 9791 9803 9815 9820 9832 9838 9850 9848 9847 10179 10411 10554 10556 10555 10635 10803 10854 10937 10973 11014 11093 11203 11208 11229 11278 11303 11305 11305 11305 11304 11305 11305 11308 11311 11315 11314 11319 11319 11320 11319 11318 11319 11319 11318 11317 11316 11315 11314 11313 11313 11313 11313 11313 11313 11315 11319 11323 11322 11326 11329 11333 11337 11340 11343 11346 11348 11352 11351 11350 11349 11348 11347 11346 11345 11354 11353 11403 11551 11609 11642 11641 11640 11639 11638 11637 11643 11642 11641 11651 11650 11799 11798 11809 11886 11885 11908 11924 11923 11922 11921 11920 11919 11946 11985 11997 12014 12096 12109 12114 12114 12112 12115 12109 12110 12152 12155 12159 12158 12163 12167 12170 12174 12183 12259 12288 12342 12371 12371 12378 12378 12379 12397 12407 12412 12417 12422 12428 12456 12458 12468 12461 12460 12459 12458 12457 12471 12472 12473 12476 12484 12490 12492 12493 12492 12491 12500 12499 12503 12502 12501 12500 12499 12500 12502 12644 12659 12717 12777 12831 12889 12941 12999];
breadth_first_relevant_file_nums = [1 1 2 3 4 5 6 6 6 6 6 6 6 6 6 6 7 7 7 7 7 7 8 8 8 8 8 8 8 8 8 8 8 8 8 8 8 8 8 8 8 8 8 8 8 8 8 8 8 8 8 8 8 8 8 8 8 8 8 8 8 8 8 8 8 8 8 8 8 8 8 8 8 8 8 8 8 8 8 8 8 8 8 8 8 8 8 8 8 8 8 8 8 8 8 8 8 8 8 8 8 8 8 8 8 8 8 8 8 8 8 8 8 8 8 8 9 10 10 10 10 10 10 10 10 10 10 11 11 11 11 11 11 11 11 11 11 11 11 11 11 11 11 12 12 12 12 12 12 12 12 13 13 13 13 13 13 13 13 13 13 13 13 13 13 13 13 13 13 13 13 13 13 13 13 13 13 13 13 13 13 13 13 13 13 13 13 13 13 13 13 13 13 13 13 13 13 13 13 13 13 13 13 13 13 13 13 13 13 13 13 13 13 13 13 13 13 13 13 13 13 13 13 13 13 13 13 13 13 13 13 13 13 13 13 13 13 13 13 13 14 14 14 14 14 14 14 14 14 14 14 14 14 14 14 14 14 14 14 14 15 15 15 16 16 16 17 17 17 17 17 17 17 17 17 18 18 19 19 19 19 19 19 19 19 19 19 19 19 19 19 19 19 19 19 19 19 19 19 19 19 19 19 19 19 19 19 19 19 19 19 19 19 19 19 19 19 19 20 20 21 22 22 22 22 22 22 22 22 22 22 22 22 22 22 22 22 22 22 22 22 22 23 24 25 25 25 25 25 25 25 25 25 25 25 25 26 26 26 26 27 27 27 27 27 27 27 27 28 28 28 28 28 28 28 28 28 28 28 28 28 28 28 28 28 28 28 28 28 29 29 29 30 30 31 31 31 31 31 31 31 31 31 31 31 31 31 31 31 31 31 31 31 31 31 31 31 31 32 32 32 32 32 32 32 32 32 32 32 32 32 32 32 32 32 32 32 32 32 32 32 32 32 32 32 33 33 33 33 33 33 33 33 33 33 33 34 34 34 34 34 34 34 35 35 35 35 35 35 35 35 35 35 35 35 35 35 36 36 36 36 36 36 36 36 36 36 36 36 36 36 36 36 36 36 36 36 36 36 36 ];
