cd 'c:\users\simmerchan\desktop';
depth_first_left_length = [140 211 295 316 330 332 333 415 429 483 515 546 545 594 601 642 642 653 667 681 680 685 700 708 723 737 740 754 757 771 785 790 804 818 832 837 851 856 863 890 930 998 1041 1040 1095 1094 1121 1127 1141 1155 1161 1162 1161 1175 1185 1199 1214 1219 1233 1232 1246 1260 1259 1264 1278 1283 1297 1302 1316 1329 1343 1357 1371 1376 1375 1374 1373 1372 1371 1370 1369 1368 1367 1375 1374 1373 1372 1371 1370 1369 1368 1367 1366 1365 1364 1363 1362 1361 1360 1359 1358 1357 1356 1355 1354 1353 1352 1351 1350 1349 1348 1347 1346 1345 1344 1343 1342 1341 1340 1339 1338 1337 1336 1335 1334 1333 1332 1331 1330 1329 1328 1327 1326 1325 1324 1323 1322 1321 1320 1319 1318 1317 1316 1315 1314 1314 1313 1312 1311 1310 1309 1308 1307 1306 1305 1304 1303 1302 1301 1300 1299 1298 1297 1296 1304 1303 1302 1301 1300 1299 1298 1297 1296 1295 1294 1293 1292 1291 1290 1289 1288 1287 1286 1285 1284 1283 1282 1281 1280 1279 1278 1277 1285 1284 1283 1282 1281 1280 1279 1278 1277 1276 1275 1274 1273 1272 1271 1270 1269 1268 1267 1266 1265 1264 1263 1262 1261 1260 1259 1268 1267 1266 1265 1264 1263 1262 1261 1260 1259 1258 1257 1256 1255 1254 1253 1252 1251 1250 1249 1248 1247 1246 1245 1244 1243 1242 1241 1240 1239 1238 1237 1236 1235 1234 1233 1232 1231 1237 1236 1235 1234 1233 1232 1231 1230 1229 1228 1227 1226 1225 1224 1223 1222 1221 1220 1219 1218 1217 1216 1215 1214 1213 1221 1220 1219 1218 1217 1216 1215 1214 1213 1212 1211 1210 1232 1238 1279 1278 1300 1303 1307 1311 1344 1348 1357 1356 1362 1366 1373 1379 1385 1391 1395 1401 1394 1400 1399 1398 1403 1407 1412 1418 1415 1420 1420 1415 1418 1410 1412 1414 1414 1526 1574 1594 1593 1592 1590 1590 1629 1628 1693 1690 1711 1712 1780 1783 1781 1792 1791 1789 1786 1785 1784 1780 1779 1779 1782 1845 2236 2240 2243 2251 2271 2305 2374 2395 2405 2410 2415 2417 2418 2417 2417 2419 2441 2477 2488 2487 2487 2502 2518 2540 2549 2548 2547 2546 2546 2544 2543 2542 2541 2549 2611 2681 2684 2718 2736 2769 2779 2839 2841 2840 3042 3087 3107 3119 3125 3127 3128 3184 3287 3290 3290 3316 3315 3345 3345 3385 3385 3384 3383 3382 3384 3383 3382 3381 3380 3384 3388 3389 3388 3382 3380 3379 3380 3379 3378 3379 3378 3377 3377 3389 3388 3379 3377 3386 3384 3382 3381 3379 3378 3377 3376 3379 3378 3377 3439 3486 3495 3495 3494 3493 3491 3496 3495 3495 3494 3494 3493 3493 3492 3492 3491 3491 3490 3489 3488 3488 3487 3486 3485 3484 3484 3483 3546 3620 3678 3677 3693 3701 3700 3733 3745 3749 3748 3747 3746 3748 3743 3743 ]
depth_first_relevant_file_nums = [1 1 1 1 1 1 2 2 2 2 2 2 2 2 2 2 2 2 2 2 2 2 2 2 2 2 2 2 2 2 2 2 2 2 2 2 2 2 2 2 2 2 2 2 2 2 2 2 2 2 2 2 2 2 2 2 2 2 2 2 2 2 2 2 2 2 2 2 2 2 2 2 2 2 2 2 2 2 2 2 2 2 2 2 2 2 2 2 2 2 2 2 2 2 2 2 2 2 2 2 2 2 2 2 2 2 2 2 2 2 2 2 2 2 2 2 2 2 2 2 2 2 2 2 2 2 2 2 2 2 2 2 2 2 3 4 4 4 4 4 4 4 4 4 4 4 4 4 4 4 4 4 4 4 4 4 4 4 4 4 4 4 4 4 4 4 4 4 4 4 4 4 4 4 4 4 4 4 4 4 4 4 4 4 4 4 4 4 4 4 4 4 4 4 4 4 4 4 4 4 4 4 4 4 4 4 4 4 4 4 4 4 4 4 4 4 4 4 4 4 4 4 4 4 4 4 4 4 4 4 4 4 4 4 4 4 4 4 4 4 4 4 4 4 4 4 4 4 4 4 4 4 4 4 4 4 4 4 4 4 4 4 4 4 4 4 4 4 4 4 4 4 4 4 4 4 4 4 4 4 4 4 4 4 4 4 4 4 4 4 4 4 4 4 4 4 4 4 4 4 4 4 4 4 4 4 4 4 4 4 4 4 4 5 5 5 5 5 5 5 5 5 5 5 5 5 5 5 5 5 5 6 6 6 6 6 6 6 6 6 6 6 6 6 6 6 6 6 6 6 6 6 6 6 6 6 6 6 6 6 6 6 6 6 6 6 6 6 6 6 6 6 6 6 6 6 6 6 6 6 6 6 6 6 6 6 6 6 6 6 6 6 6 6 6 6 6 6 6 6 6 6 6 6 6 6 6 6 6 6 6 6 6 6 6 6 6 6 6 6 6 6 6 6 6 6 6 6 6 6 6 6 6 6 6 6 6 6 6 6 6 6 6 6 6 6 6 6 6 6 6 6 6 6 6 6 6 6 6 6 6 6 6 6 6 6 6 6 6 6 6 6 6 6 6 6 6 6 6 6 6 6 6 6 6 6 6 6 6 6 6 6 6 6 6 6 6 6 6 6 ]
breadth_first_left_length = [19 222 364 377 445 517 598 947 947 946 944 944 1131 1133 1132 1131 1130 1131 1130 1181 1197 1196 1196 1232 1231 1241 1260 1279 1284 1295 1314 1314 1328 1356 1356 1367 1388 1387 1386 1426 1425 1447 1446 1469 1483 1502 1514 1513 1519 1538 1538 1556 1582 1597 1596 1609 1628 1628 1627 1646 1646 1645 1644 1643 1656 1675 1698 1697 1707 1726 1730 1740 1739 1740 1752 1756 1772 1772 1804 1803 1802 1817 1816 1815 1827 1826 1844 1843 1849 1873 1893 1912 1912 1912 1931 1945 1944 1943 1942 1961 1959 1966 1966 1965 1991 1990 2006 2032 2031 2049 2068 2087 2086 2105 2124 2124 2123 2123 2127 2150 2152 2151 2170 2169 2168 2167 2166 2179 2178 2179 2178 2180 2182 2200 2212 2211 2230 2267 2266 2265 2284 2303 2303 2302 2325 2324 2323 2342 2346 2365 2364 2433 2432 2431 2431 2430 2429 2428 2428 2427 2442 2461 2476 2485 2484 2486 2503 2502 2521 2532 2531 2530 2549 2548 2547 2546 2546 2545 2547 2559 2558 2559 2558 2559 2581 2596 2596 2634 2640 2639 2641 2639 2657 2656 2663 2706 2761 2770 2771 2780 2785 2784 2803 2802 2801 2815 2837 2836 2842 2861 2892 2891 2914 2938 2937 2949 2971 2970 3569 3602 3674 3745 3766 4010 4096 4106 4138 4137 4137 4191 4235 4256 4259 4279 4284 4288 4305 4322 4370 4378 4382 4386 4403 4420 4871 4899 5287 5287 5291 5319 5324 5328 5327 5792 5955 5956 5955 5954 5962 6004 6006 6005 6019 6025 6031 6034 6034 6033 6144 6148 6151 6152 6691 6695 6773 6773 6775 6828 6826 6832 6836 6845 6847 6864 6953 7091 7386 7403 7731 7894 7898 7902 7903 7940 7943 7942 7945 7950 7956 7968 7970 7974 8036 8035 8056 8060 8323 8394 8394 8414 8415 8493 8489 8506 8522 8524 8523 8817 8821 8819 8818 8830 8834 8833 8939 8941 8991 9146 9165 9184 9196 9241 9246 9262 9274 9287 9286 9298 9296 9312 9324 9327 9382 9385 9384 9389 9392 9442 9440 9445 9449 9453 9454 9459 9789 9789 9789 9792 9797 9819 9822 9825 9850 9993 9995 9996 10046 10045 10048 10052 10051 10050 10049 10055 10058 10058 10058 10058 10057 10056 10058 10060 10231 10336 10422 10422 10422 10421 10656 10655 10654 10653 10654 10653 10653 10662 10717 10716 10783 10819 10818 10817 10816 10816 10818 10817 10816 10891 10918 10937 10942 10978 10977 10983 10983 10981 10980 10992 11068 11209 11289 11288 11285 11303 11311 11319 11343 11365 11385 11398 11395 11510 11575 11573 11571 11570 11568 11565 11564 11563 11561 11560 11574 11585 11584 11587 11628 11638 11658 11666 11671 11689 11692 11691 11696 11701 11709 11712 11714 11768 11782 11799 11799 11828 11922 11929 11928 11923 11926 11935 11935 12010 12014 12043 12043 12047 12046 12049 12048 12052 12053 12052 12057 12058 12064 12060 12059 12056 12055 12057 12055 12058 12063 12122 12141 12145 12153 12181 12183 12184 ]
breadth_first_relevant_file_nums = [1 1 2 3 4 5 6 6 6 6 6 6 6 7 8 9 10 10 10 10 10 10 10 10 10 10 10 10 10 10 10 10 10 10 10 10 10 11 11 11 11 11 11 11 11 11 11 11 11 11 12 12 12 12 12 12 12 12 12 12 12 12 12 12 12 12 12 12 12 12 12 12 12 12 12 12 12 12 12 12 12 12 12 12 12 12 12 12 12 12 12 12 12 12 12 12 12 12 12 12 12 12 12 12 12 12 12 12 12 12 12 12 12 12 12 12 12 12 12 12 12 12 12 12 12 13 13 13 13 13 13 13 13 13 13 13 13 13 13 13 13 13 13 13 13 13 13 13 13 13 13 13 13 13 13 13 13 13 13 13 13 13 13 13 13 13 13 13 13 13 13 13 13 13 13 13 13 13 13 13 13 13 13 13 13 13 13 13 13 14 14 14 14 14 14 14 14 14 14 14 14 14 14 15 15 15 15 15 15 15 15 15 15 15 15 15 15 15 15 15 15 15 15 15 16 16 16 16 17 17 17 18 18 19 20 20 20 20 20 20 20 20 20 20 20 20 20 21 21 22 22 22 22 22 22 22 22 23 24 24 24 24 24 24 24 24 24 25 25 25 25 25 25 26 26 26 26 26 26 26 26 27 27 27 27 27 27 27 27 27 27 27 28 28 28 29 29 29 29 29 30 30 31 31 32 32 32 32 32 32 32 32 32 33 33 33 33 33 34 34 34 34 34 34 34 34 34 34 34 34 34 34 34 34 34 34 35 35 35 35 35 35 36 36 37 37 37 37 38 38 38 39 39 39 40 40 40 40 41 41 42 42 42 42 42 42 43 44 44 44 44 45 45 45 45 45 46 46 47 48 48 49 50 51 51 51 51 52 52 53 53 54 54 54 54 54 55 55 55 55 55 56 57 57 57 57 57 57 57 57 57 57 57 57 57 57 57 57 57 58 58 58 59 59 59 59 59 59 59 59 59 59 59 59 59 59 59 59 59 59 59 59 59 60 60 60 61 61 61 61 61 61 62 62 63 63 63 63 63 63 63 63 64 65 65 66 66 66 66 66 66 66 66 66 66 67 67 67 67 67 67 67 67 67 67 68 68 69 69 69 70 70 70 70 70 70 70 70 70 70 ]
